Time	Cache_id	cache_time	no	cache_next	cache_occurance
55:46.4	2	1	0	2	1
58:46.4	16	181	1	32	1
01:46.4	2	361	2	4	2
04:46.4	20	541	3	138	1
07:46.4	2	721	4	5	3
10:46.4	2	901	5	6	4
13:46.4	2	1081	6	9	5
16:46.4	3	1261	7	8	1
19:46.4	3	1441	8	18	2
22:46.4	2	1621	9	10	6
25:46.4	2	1801	10	12	7
28:46.4	9	1981	11	54	1
31:46.4	2	2161	12	13	8
34:46.4	2	2341	13	15	9
37:46.4	17	2521	14	184	1
40:46.4	2	2701	15	20	10
43:46.4	5	2881	16	17	1
46:46.4	5	3061	17	30	2
49:46.4	3	3241	18	21	3
52:46.4	18	3421	19	35	1
55:46.4	2	3601	20	22	11
58:46.4	3	3781	21	25	4
01:46.4	2	3961	22	23	12
04:46.4	2	4141	23	42	13
07:46.4	4	4321	24	60	1
10:46.4	3	4501	25	33	5
13:46.4	6	4681	26	31	1
16:46.4	19	4861	27	65	1
19:46.4	10	5041	28	41	1
22:46.4	7	5221	29	53	1
25:46.4	5	5401	30	73	3
28:46.4	6	5581	31	34	2
31:46.4	16	5761	32	128	2
34:46.4	3	5941	33	36	6
37:46.4	6	6121	34	51	3
40:46.4	18	6301	35	80	2
43:46.4	3	6481	36	37	7
46:46.4	3	6661	37	39	8
49:46.4	8	6841	38	43	1
52:46.4	3	7021	39	47	9
55:46.4	1	7201	40	45	1
58:46.4	10	7381	41	57	2
01:46.4	2	7561	42	44	14
04:46.4	8	7741	43	50	2
07:46.4	2	7921	44	58	15
10:46.4	1	8101	45	63	2
13:46.4	12	8281	46	72	1
16:46.4	3	8461	47	48	10
19:46.4	3	8641	48	52	11
22:46.4	13	8821	49	87	1
25:46.4	8	9001	50	69	3
28:46.4	6	9181	51	55	4
31:46.4	3	9361	52	56	12
34:46.4	7	9541	53	67	2
37:46.4	9	9721	54	144	2
40:46.4	6	9901	55	61	5
43:46.4	3	10081	56	78	13
46:46.4	10	10261	57	85	3
49:46.4	2	10441	58	59	16
52:46.4	2	10621	59	64	17
55:46.4	4	10801	60	71	2
58:46.4	6	10981	61	70	6
01:46.4	11	11161	62	84	1
04:46.4	1	11341	63	86	3
07:46.4	2	11521	64	66	18
10:46.4	19	11701	65	79	2
13:46.4	2	11881	66	68	19
16:46.4	7	12061	67	108	3
19:46.4	2	12241	68	74	20
22:46.4	8	12421	69	93	4
25:46.4	6	12601	70	77	7
28:46.4	4	12781	71	75	3
31:46.4	12	12961	72	81	2
34:46.4	5	13141	73	124	4
37:46.4	2	13321	74	76	21
40:46.4	4	13501	75	95	4
43:46.4	2	13681	76	83	22
46:46.4	6	13861	77	175	8
49:46.4	3	14041	78	82	14
52:46.4	19	14221	79	94	3
55:46.4	18	14401	80	88	3
58:46.4	12	14581	81	142	3
01:46.4	3	14761	82	91	15
04:46.4	2	14941	83	90	23
07:46.4	11	15121	84	104	2
10:46.4	10	15301	85	89	4
13:46.4	1	15481	86	107	4
16:46.4	13	15661	87	114	2
19:46.4	18	15841	88	115	4
22:46.4	10	16021	89	103	5
25:46.4	2	16201	90	92	24
28:46.4	3	16381	91	98	16
31:46.4	2	16561	92	96	25
34:46.4	8	16741	93	99	5
37:46.4	19	16921	94	171	4
40:46.4	4	17101	95	102	5
43:46.4	2	17281	96	97	26
46:46.4	2	17461	97	100	27
49:46.4	3	17641	98	126	17
52:46.4	8	17821	99	135	6
55:46.4	2	18001	100	106	28
58:46.4	15	18181	101	118	1
01:46.4	4	18361	102	109	6
04:46.4	10	18541	103	112	6
07:46.4	11	18721	104	143	3
10:46.4	14	18901	105	127	1
13:46.4	2	19081	106	110	29
16:46.4	1	19261	107	125	5
19:46.4	7	19441	108	116	4
22:46.4	4	19621	109	129	7
25:46.4	2	19801	110	111	30
28:46.4	2	19981	111	113	31
31:46.4	10	20161	112	119	7
34:46.4	2	20341	113	117	32
37:46.4	13	20521	114	133	3
40:46.4	18	20701	115	151	5
43:46.4	7	20881	116	120	5
46:46.4	2	21061	117	121	33
49:46.4	15	21241	118	150	2
52:46.4	10	21421	119	134	8
55:46.4	7	21601	120	152	6
58:46.4	2	21781	121	122	34
01:46.4	2	21961	122	123	35
04:46.4	2	22141	123	130	36
07:46.4	5	22321	124	166	5
10:46.4	1	22501	125	136	6
13:46.4	3	22681	126	137	18
16:46.4	14	22861	127	148	2
19:46.4	16	23041	128	197	3
22:46.4	4	23221	129	141	8
25:46.4	2	23401	130	131	37
28:46.4	2	23581	131	132	38
31:46.4	2	23761	132	140	39
34:46.4	13	23941	133	185	4
37:46.4	10	24121	134	191	9
40:46.4	8	24301	135	168	7
43:46.4	1	24481	136	155	7
46:46.4	3	24661	137	139	19
49:46.4	20	24841	138	164	2
52:46.4	3	25021	139	147	20
55:46.4	2	25201	140	146	40
58:46.4	4	25381	141	207	9
01:46.4	12	25561	142	230	4
04:46.4	11	25741	143	189	4
07:46.4	9	25921	144	145	3
10:46.4	9	26101	145	161	4
13:46.4	2	26281	146	149	41
16:46.4	3	26461	147	156	21
19:46.4	14	26641	148	157	3
22:46.4	2	26821	149	153	42
25:46.4	15	27001	150	167	3
28:46.4	18	27181	151	291	6
31:46.4	7	27361	152	170	7
34:46.4	2	27541	153	154	43
37:46.4	2	27721	154	159	44
40:46.4	1	27901	155	387	8
43:46.4	3	28081	156	158	22
46:46.4	14	28261	157	233	4
49:46.4	3	28441	158	160	23
52:46.4	2	28621	159	162	45
55:46.4	3	28801	160	183	24
58:46.4	9	28981	161	165	5
01:46.4	2	29161	162	163	46
04:46.4	2	29341	163	169	47
07:46.4	20	29521	164	179	3
10:46.4	9	29701	165	177	6
13:46.4	5	29881	166	176	6
16:46.4	15	30061	167	174	4
19:46.4	8	30241	168	221	8
22:46.4	2	30421	169	172	48
25:46.4	7	30601	170	249	8
28:46.4	19	30781	171	201	5
31:46.4	2	30961	172	173	49
34:46.4	2	31141	173	178	50
37:46.4	15	31321	174	180	5
40:46.4	6	31501	175	210	9
43:46.4	5	31681	176	225	7
46:46.4	9	31861	177	217	7
49:46.4	2	32041	178	181	51
52:46.4	20	32221	179	186	4
55:46.4	15	32401	180	199	6
58:46.4	2	32581	181	182	52
01:46.4	2	32761	182	187	53
04:46.4	3	32941	183	195	25
07:46.4	17	33121	184	333	2
10:46.4	13	33301	185	223	5
13:46.4	20	33481	186	252	5
16:46.4	2	33661	187	188	54
19:46.4	2	33841	188	190	55
22:46.4	11	34021	189	229	5
25:46.4	2	34201	190	192	56
28:46.4	10	34381	191	215	10
31:46.4	2	34561	192	193	57
34:46.4	2	34741	193	194	58
37:46.4	2	34921	194	196	59
40:46.4	3	35101	195	200	26
43:46.4	2	35281	196	198	60
46:46.4	16	35461	197	211	4
49:46.4	2	35641	198	202	61
52:46.4	15	35821	199	205	7
55:46.4	3	36001	200	213	27
58:46.4	19	36181	201	208	6
01:46.4	2	36361	202	203	62
04:46.4	2	36541	203	204	63
07:46.4	2	36721	204	209	64
10:46.4	15	36901	205	206	8
13:46.4	15	37081	206	214	9
16:46.4	4	37261	207	231	10
19:46.4	19	37441	208	415	7
22:46.4	2	37621	209	212	65
25:46.4	6	37801	210	218	10
28:46.4	16	37981	211	245	5
31:46.4	2	38161	212	216	66
34:46.4	3	38341	213	219	28
37:46.4	15	38521	214	227	10
40:46.4	10	38701	215	220	11
43:46.4	2	38881	216	222	67
46:46.4	9	39061	217	228	8
49:46.4	6	39241	218	242	11
52:46.4	3	39421	219	236	29
55:46.4	10	39601	220	253	12
58:46.4	8	39781	221	275	9
01:46.4	2	39961	222	235	68
04:46.4	13	40141	223	224	6
07:46.4	13	40321	224	226	7
10:46.4	5	40501	225	254	8
13:46.4	13	40681	226	243	8
16:46.4	15	40861	227	263	11
19:46.4	9	41041	228	273	9
22:46.4	11	41221	229	296	6
25:46.4	12	41401	230	269	5
28:46.4	4	41581	231	232	11
31:46.4	4	41761	232	234	12
34:46.4	14	41941	233	237	5
37:46.4	4	42121	234	260	13
40:46.4	2	42301	235	238	69
43:46.4	3	42481	236	239	30
46:46.4	14	42661	237	251	6
49:46.4	2	42841	238	241	70
52:46.4	3	43021	239	240	31
55:46.4	3	43201	240	255	32
58:46.4	2	43381	241	244	71
01:46.4	6	43561	242	246	12
04:46.4	13	43741	243	268	9
07:46.4	2	43921	244	247	72
10:46.4	16	44101	245	327	6
13:46.4	6	44281	246	248	13
16:46.4	2	44461	247	250	73
19:46.4	6	44641	248	261	14
22:46.4	7	44821	249	295	9
25:46.4	2	45001	250	257	74
28:46.4	14	45181	251	284	7
31:46.4	20	45361	252	329	6
34:46.4	10	45541	253	312	13
37:46.4	5	45721	254	256	9
40:46.4	3	45901	255	274	33
43:46.4	5	46081	256	320	10
46:46.4	2	46261	257	258	75
49:46.4	2	46441	258	259	76
52:46.4	2	46621	259	262	77
55:46.4	4	46801	260	265	14
58:46.4	6	46981	261	306	15
01:46.4	2	47161	262	264	78
04:46.4	15	47341	263	290	12
07:46.4	2	47521	264	267	79
10:46.4	4	47701	265	266	15
13:46.4	4	47881	266	271	16
16:46.4	2	48061	267	270	80
19:46.4	13	48241	268	298	10
22:46.4	12	48421	269	286	6
25:46.4	2	48601	270	280	81
28:46.4	4	48781	271	272	17
31:46.4	4	48961	272	281	18
34:46.4	9	49141	273	294	10
37:46.4	3	49321	274	276	34
40:46.4	8	49501	275	277	10
43:46.4	3	49681	276	278	35
46:46.4	8	49861	277	317	11
49:46.4	3	50041	278	279	36
52:46.4	3	50221	279	287	37
55:46.4	2	50401	280	283	82
58:46.4	4	50581	281	282	19
01:46.4	4	50761	282	313	20
04:46.4	2	50941	283	285	83
07:46.4	14	51121	284	309	8
10:46.4	2	51301	285	288	84
13:46.4	12	51481	286	484	7
16:46.4	3	51661	287	299	38
19:46.4	2	51841	288	289	85
22:46.4	2	52021	289	292	86
25:46.4	15	52201	290	371	13
28:46.4	18	52381	291	378	7
31:46.4	2	52561	292	293	87
34:46.4	2	52741	293	297	88
37:46.4	9	52921	294	310	11
40:46.4	7	53101	295	314	10
43:46.4	11	53281	296	345	7
46:46.4	2	53461	297	300	89
49:46.4	13	53641	298	338	11
52:46.4	3	53821	299	318	39
55:46.4	2	54001	300	301	90
58:46.4	2	54181	301	302	91
01:46.4	2	54361	302	303	92
04:46.4	2	54541	303	304	93
07:46.4	2	54721	304	305	94
10:46.4	2	54901	305	307	95
13:46.4	6	55081	306	322	16
16:46.4	2	55261	307	308	96
19:46.4	2	55441	308	311	97
22:46.4	14	55621	309	319	9
25:46.4	9	55801	310	315	12
28:46.4	2	55981	311	316	98
31:46.4	10	56161	312	343	14
34:46.4	4	56341	313	323	21
37:46.4	7	56521	314	335	11
40:46.4	9	56701	315	336	13
43:46.4	2	56881	316	321	99
46:46.4	8	57061	317	375	12
49:46.4	3	57241	318	325	40
52:46.4	14	57421	319	418	10
55:46.4	5	57601	320	340	11
58:46.4	2	57781	321	330	100
01:46.4	6	57961	322	368	17
04:46.4	4	58141	323	324	22
07:46.4	4	58321	324	328	23
10:46.4	3	58501	325	326	41
13:46.4	3	58681	326	341	42
16:46.4	16	58861	327	355	7
19:46.4	4	59041	328	332	24
22:46.4	20	59221	329	334	7
25:46.4	2	59401	330	331	101
28:46.4	2	59581	331	337	102
31:46.4	4	59761	332	360	25
34:46.4	17	59941	333	406	3
37:46.4	20	60121	334	491	8
40:46.4	7	60301	335	352	12
43:46.4	9	60481	336	443	14
46:46.4	2	60661	337	339	103
49:46.4	13	60841	338	354	12
52:46.4	2	61021	339	346	104
55:46.4	5	61201	340	344	12
58:46.4	3	61381	341	342	43
01:46.4	3	61561	342	348	44
04:46.4	10	61741	343	349	15
07:46.4	5	61921	344	347	13
10:46.4	11	62101	345	358	8
13:46.4	2	62281	346	353	105
16:46.4	5	62461	347	361	14
19:46.4	3	62641	348	350	45
22:46.4	10	62821	349	356	16
25:46.4	3	63001	350	351	46
28:46.4	3	63181	351	357	47
31:46.4	7	63361	352	388	13
34:46.4	2	63541	353	362	106
37:46.4	13	63721	354	424	13
40:46.4	16	63901	355	376	8
43:46.4	10	64081	356	359	17
46:46.4	3	64261	357	366	48
49:46.4	11	64441	358	363	9
52:46.4	10	64621	359	364	18
55:46.4	4	64801	360	374	26
58:46.4	5	64981	361	373	15
01:46.4	2	65161	362	365	107
04:46.4	11	65341	363	386	10
07:46.4	10	65521	364	369	19
10:46.4	2	65701	365	367	108
13:46.4	3	65881	366	377	49
16:46.4	2	66061	367	370	109
19:46.4	6	66241	368	372	18
22:46.4	10	66421	369	435	20
25:46.4	2	66601	370	379	110
28:46.4	15	66781	371	382	14
31:46.4	6	66961	372	381	19
34:46.4	5	67141	373	392	16
37:46.4	4	67321	374	383	27
40:46.4	8	67501	375	403	13
43:46.4	16	67681	376	380	9
46:46.4	3	67861	377	394	50
49:46.4	18	68041	378	430	8
52:46.4	2	68221	379	385	111
55:46.4	16	68401	380	486	10
58:46.4	6	68581	381	409	20
01:46.4	15	68761	382	436	15
04:46.4	4	68941	383	384	28
07:46.4	4	69121	384	404	29
10:46.4	2	69301	385	389	112
13:46.4	11	69481	386	455	11
16:46.4	1	69661	387	410	9
19:46.4	7	69841	388	407	14
22:46.4	2	70021	389	390	113
25:46.4	2	70201	390	391	114
28:46.4	2	70381	391	393	115
31:46.4	5	70561	392	395	17
34:46.4	2	70741	393	396	116
37:46.4	3	70921	394	398	51
40:46.4	5	71101	395	411	18
43:46.4	2	71281	396	397	117
46:46.4	2	71461	397	401	118
49:46.4	3	71641	398	399	52
52:46.4	3	71821	399	400	53
55:46.4	3	72001	400	417	54
58:46.4	2	72181	401	402	119
01:46.4	2	72361	402	405	120
04:46.4	8	72541	403	439	14
07:46.4	4	72721	404	412	30
10:46.4	2	72901	405	408	121
13:46.4	17	73081	406	425	4
16:46.4	7	73261	407	431	15
19:46.4	2	73441	408	414	122
22:46.4	6	73621	409	421	21
25:46.4	1	73801	410	413	10
28:46.4	5	73981	411	427	19
31:46.4	4	74161	412	446	31
34:46.4	1	74341	413	506	11
37:46.4	2	74521	414	416	123
40:46.4	19	74701	415	423	8
43:46.4	2	74881	416	419	124
46:46.4	3	75061	417	422	55
49:46.4	14	75241	418	465	11
52:46.4	2	75421	419	420	125
55:46.4	2	75601	420	428	126
58:46.4	6	75781	421	426	22
01:46.4	3	75961	422	429	56
04:46.4	19	76141	423	452	9
07:46.4	13	76321	424	500	14
10:46.4	17	76501	425	448	5
13:46.4	6	76681	426	438	23
16:46.4	5	76861	427	441	20
19:46.4	2	77041	428	432	127
22:46.4	3	77221	429	437	57
25:46.4	18	77401	430	502	9
28:46.4	7	77581	431	434	16
31:46.4	2	77761	432	433	128
34:46.4	2	77941	433	440	129
37:46.4	7	78121	434	454	17
40:46.4	10	78301	435	477	21
43:46.4	15	78481	436	449	16
46:46.4	3	78661	437	444	58
49:46.4	6	78841	438	464	24
52:46.4	8	79021	439	450	15
55:46.4	2	79201	440	442	130
58:46.4	5	79381	441	445	21
01:46.4	2	79561	442	447	131
04:46.4	9	79741	443	457	15
07:46.4	3	79921	444	469	59
10:46.4	5	80101	445	462	22
13:46.4	4	80281	446	451	32
16:46.4	2	80461	447	453	132
19:46.4	17	80641	448	475	6
22:46.4	15	80821	449	490	17
25:46.4	8	81001	450	588	16
28:46.4	4	81181	451	456	33
31:46.4	19	81361	452	600	10
34:46.4	2	81541	453	459	133
37:46.4	7	81721	454	488	18
40:46.4	11	81901	455	518	12
43:46.4	4	82081	456	458	34
46:46.4	9	82261	457	495	16
49:46.4	4	82441	458	461	35
52:46.4	2	82621	459	460	134
55:46.4	2	82801	460	463	135
58:46.4	4	82981	461	466	36
01:46.4	5	83161	462	480	23
04:46.4	2	83341	463	467	136
07:46.4	6	83521	464	473	25
10:46.4	14	83701	465	509	12
13:46.4	4	83881	466	479	37
16:46.4	2	84061	467	468	137
19:46.4	2	84241	468	470	138
22:46.4	3	84421	469	472	60
25:46.4	2	84601	470	471	139
28:46.4	2	84781	471	474	140
31:46.4	3	84961	472	478	61
34:46.4	6	85141	473	503	26
37:46.4	2	85321	474	476	141
40:46.4	17	85501	475	489	7
43:46.4	2	85681	476	483	142
46:46.4	10	85861	477	507	22
49:46.4	3	86041	478	482	62
52:46.4	4	86221	479	481	38
55:46.4	5	86401	480	522	24
58:46.4	4	86581	481	494	39
01:46.4	3	86761	482	499	63
04:46.4	2	86941	483	485	143
07:46.4	12	87121	484	492	8
10:46.4	2	87301	485	487	144
13:46.4	16	87481	486	607	11
16:46.4	2	87661	487	493	145
19:46.4	7	87841	488	505	19
22:46.4	17	88021	489	514	8
25:46.4	15	88201	490	512	18
28:46.4	20	88381	491	511	9
31:46.4	12	88561	492	584	9
34:46.4	2	88741	493	496	146
37:46.4	4	88921	494	517	40
40:46.4	9	89101	495	516	17
43:46.4	2	89281	496	497	147
46:46.4	2	89461	497	498	148
49:46.4	2	89641	498	501	149
52:46.4	3	89821	499	504	64
55:46.4	13	90001	500	535	15
58:46.4	2	90181	501	510	150
01:46.4	18	90361	502	508	10
04:46.4	6	90541	503	549	27
07:46.4	3	90721	504	520	65
10:46.4	7	90901	505	528	20
13:46.4	1	91081	506	591	12
16:46.4	10	91261	507	519	23
19:46.4	18	91441	508	544	11
22:46.4	14	91621	509	532	13
25:46.4	2	91801	510	513	151
28:46.4	20	91981	511	555	10
31:46.4	15	92161	512	536	19
34:46.4	2	92341	513	515	152
37:46.4	17	92521	514	527	9
40:46.4	2	92701	515	521	153
43:46.4	9	92881	516	557	18
46:46.4	4	93061	517	540	41
49:46.4	11	93241	518	546	13
52:46.4	10	93421	519	570	24
55:46.4	3	93601	520	523	66
58:46.4	2	93781	521	529	154
01:46.4	5	93961	522	543	25
04:46.4	3	94141	523	524	67
07:46.4	3	94321	524	525	68
10:46.4	3	94501	525	526	69
13:46.4	3	94681	526	531	70
16:46.4	17	94861	527	530	10
19:46.4	7	95041	528	573	21
22:46.4	2	95221	529	533	155
25:46.4	17	95401	530	569	11
28:46.4	3	95581	531	537	71
31:46.4	14	95761	532	599	14
34:46.4	2	95941	533	534	156
37:46.4	2	96121	534	545	157
40:46.4	13	96301	535	590	16
43:46.4	15	96481	536	556	20
46:46.4	3	96661	537	538	72
49:46.4	3	96841	538	539	73
52:46.4	3	97021	539	541	74
55:46.4	4	97201	540	551	42
58:46.4	3	97381	541	542	75
01:46.4	3	97561	542	548	76
04:46.4	5	97741	543	564	26
07:46.4	18	97921	544	612	12
10:46.4	2	98101	545	547	158
13:46.4	11	98281	546	550	14
16:46.4	2	98461	547	552	159
19:46.4	3	98641	548	559	77
22:46.4	6	98821	549	563	28
25:46.4	11	99001	550	560	15
28:46.4	4	99181	551	595	43
31:46.4	2	99361	552	553	160
34:46.4	2	99541	553	554	161
37:46.4	2	99721	554	561	162
40:46.4	20	99901	555	574	11
43:46.4	15	100081	556	558	21
46:46.4	9	100261	557	578	19
49:46.4	15	100441	558	650	22
52:46.4	3	100621	559	575	78
55:46.4	11	100801	560	596	16
58:46.4	2	100981	561	562	163
01:46.4	2	101161	562	565	164
04:46.4	6	101341	563	566	29
07:46.4	5	101521	564	581	27
10:46.4	2	101701	565	568	165
13:46.4	6	101881	566	567	30
16:46.4	6	102061	567	593	31
19:46.4	2	102241	568	571	166
22:46.4	17	102421	569	708	12
25:46.4	10	102601	570	655	25
28:46.4	2	102781	571	572	167
31:46.4	2	102961	572	577	168
34:46.4	7	103141	573	582	22
37:46.4	20	103321	574	614	12
40:46.4	3	103501	575	576	79
43:46.4	3	103681	576	586	80
46:46.4	2	103861	577	579	169
49:46.4	9	104041	578	636	20
52:46.4	2	104221	579	580	170
55:46.4	2	104401	580	587	171
58:46.4	5	104581	581	585	28
01:46.4	7	104761	582	583	23
04:46.4	7	104941	583	592	24
07:46.4	12	105121	584	594	10
10:46.4	5	105301	585	589	29
13:46.4	3	105481	586	606	81
16:46.4	2	105661	587	601	172
19:46.4	8	105841	588	597	17
22:46.4	5	106021	589	603	30
25:46.4	13	106201	590	616	17
28:46.4	1	106381	591	637	13
31:46.4	7	106561	592	640	25
34:46.4	6	106741	593	604	32
37:46.4	12	106921	594	598	11
40:46.4	4	107101	595	615	44
43:46.4	11	107281	596	653	17
46:46.4	8	107461	597	625	18
49:46.4	12	107641	598	671	12
52:46.4	14	107821	599	608	15
55:46.4	19	108001	600	626	11
58:46.4	2	108181	601	602	173
01:46.4	2	108361	602	605	174
04:46.4	5	108541	603	620	31
07:46.4	6	108721	604	644	33
10:46.4	2	108901	605	609	175
13:46.4	3	109081	606	613	82
16:46.4	16	109261	607	624	12
19:46.4	14	109441	608	662	16
22:46.4	2	109621	609	610	176
25:46.4	2	109801	610	611	177
28:46.4	2	109981	611	617	178
31:46.4	18	110161	612	661	13
34:46.4	3	110341	613	618	83
37:46.4	20	110521	614	711	13
40:46.4	4	110701	615	628	45
43:46.4	13	110881	616	621	18
46:46.4	2	111061	617	619	179
49:46.4	3	111241	618	635	84
52:46.4	2	111421	619	622	180
55:46.4	5	111601	620	623	32
58:46.4	13	111781	621	688	19
01:46.4	2	111961	622	627	181
04:46.4	5	112141	623	641	33
07:46.4	16	112321	624	648	13
10:46.4	8	112501	625	659	19
13:46.4	19	112681	626	697	12
16:46.4	2	112861	627	629	182
19:46.4	4	113041	628	632	46
22:46.4	2	113221	629	630	183
25:46.4	2	113401	630	631	184
28:46.4	2	113581	631	633	185
31:46.4	4	113761	632	639	47
34:46.4	2	113941	633	634	186
37:46.4	2	114121	634	638	187
40:46.4	3	114301	635	645	85
43:46.4	9	114481	636	679	21
46:46.4	1	114661	637	658	14
49:46.4	2	114841	638	642	188
52:46.4	4	115021	639	643	48
55:46.4	7	115201	640	660	26
58:46.4	5	115381	641	678	34
01:46.4	2	115561	642	646	189
04:46.4	4	115741	643	651	49
07:46.4	6	115921	644	698	34
10:46.4	3	116101	645	652	86
13:46.4	2	116281	646	647	190
16:46.4	2	116461	647	649	191
19:46.4	16	116641	648	734	14
22:46.4	2	116821	649	656	192
25:46.4	15	117001	650	654	23
28:46.4	4	117181	651	666	50
31:46.4	3	117361	652	670	87
34:46.4	11	117541	653	677	18
37:46.4	15	117721	654	726	24
40:46.4	10	117901	655	667	26
43:46.4	2	118081	656	657	193
46:46.4	2	118261	657	663	194
49:46.4	1	118441	658	680	15
52:46.4	8	118621	659	669	20
55:46.4	7	118801	660	687	27
58:46.4	18	118981	661	683	14
01:46.4	14	119161	662	722	17
04:46.4	2	119341	663	664	195
07:46.4	2	119521	664	665	196
10:46.4	2	119701	665	668	197
13:46.4	4	119881	666	686	51
16:46.4	10	120061	667	673	27
19:46.4	2	120241	668	674	198
22:46.4	8	120421	669	681	21
25:46.4	3	120601	670	672	88
28:46.4	12	120781	671	720	13
31:46.4	3	120961	672	675	89
34:46.4	10	121141	673	705	28
37:46.4	2	121321	674	684	199
40:46.4	3	121501	675	676	90
43:46.4	3	121681	676	690	91
46:46.4	11	121861	677	713	19
49:46.4	5	122041	678	701	35
52:46.4	9	122221	679	699	22
55:46.4	1	122401	680	695	16
58:46.4	8	122581	681	682	22
01:46.4	8	122761	682	782	23
04:46.4	18	122941	683	731	15
07:46.4	2	123121	684	685	200
10:46.4	2	123301	685	691	201
13:46.4	4	123481	686	693	52
16:46.4	7	123661	687	689	28
19:46.4	13	123841	688	751	20
22:46.4	7	124021	689	710	29
25:46.4	3	124201	690	706	92
28:46.4	2	124381	691	692	202
31:46.4	2	124561	692	694	203
34:46.4	4	124741	693	696	53
37:46.4	2	124921	694	700	204
40:46.4	1	125101	695	763	17
43:46.4	4	125281	696	703	54
46:46.4	19	125461	697	739	13
49:46.4	6	125641	698	793	35
52:46.4	9	125821	699	746	23
55:46.4	2	126001	700	702	205
58:46.4	5	126181	701	727	36
01:46.4	2	126361	702	704	206
04:46.4	4	126541	703	750	55
07:46.4	2	126721	704	707	207
10:46.4	10	126901	705	709	29
13:46.4	3	127081	706	712	93
16:46.4	2	127261	707	716	208
19:46.4	17	127441	708	718	13
22:46.4	10	127621	709	721	30
25:46.4	7	127801	710	714	30
28:46.4	20	127981	711	740	14
31:46.4	3	128161	712	719	94
34:46.4	11	128341	713	770	20
37:46.4	7	128521	714	715	31
40:46.4	7	128701	715	779	32
43:46.4	2	128881	716	717	209
46:46.4	2	129061	717	724	210
49:46.4	17	129241	718	753	14
52:46.4	3	129421	719	723	95
55:46.4	12	129601	720	857	14
58:46.4	10	129781	721	789	31
01:46.4	14	129961	722	759	18
04:46.4	3	130141	723	725	96
07:46.4	2	130321	724	728	211
10:46.4	3	130501	725	730	97
13:46.4	15	130681	726	769	25
16:46.4	5	130861	727	738	37
19:46.4	2	131041	728	729	212
22:46.4	2	131221	729	732	213
25:46.4	3	131401	730	736	98
28:46.4	18	131581	731	765	16
31:46.4	2	131761	732	733	214
34:46.4	2	131941	733	735	215
37:46.4	16	132121	734	885	15
40:46.4	2	132301	735	737	216
43:46.4	3	132481	736	748	99
46:46.4	2	132661	737	741	217
49:46.4	5	132841	738	755	38
52:46.4	19	133021	739	761	14
55:46.4	20	133201	740	805	15
58:46.4	2	133381	741	742	218
01:46.4	2	133561	742	743	219
04:46.4	2	133741	743	744	220
07:46.4	2	133921	744	745	221
10:46.4	2	134101	745	747	222
13:46.4	9	134281	746	881	24
16:46.4	2	134461	747	756	223
19:46.4	3	134641	748	749	100
22:46.4	3	134821	749	752	101
25:46.4	4	135001	750	757	56
28:46.4	13	135181	751	960	21
31:46.4	3	135361	752	754	102
34:46.4	17	135541	753	799	15
37:46.4	3	135721	754	786	103
40:46.4	5	135901	755	760	39
43:46.4	2	136081	756	758	224
46:46.4	4	136261	757	771	57
49:46.4	2	136441	758	762	225
52:46.4	14	136621	759	833	19
55:46.4	5	136801	760	764	40
58:46.4	19	136981	761	767	15
01:46.4	2	137161	762	772	226
04:46.4	1	137341	763	800	18
07:46.4	5	137521	764	768	41
10:46.4	18	137701	765	766	17
13:46.4	18	137881	766	811	18
16:46.4	19	138061	767	917	16
19:46.4	5	138241	768	773	42
22:46.4	15	138421	769	851	26
25:46.4	11	138601	770	822	21
28:46.4	4	138781	771	784	58
31:46.4	2	138961	772	775	227
34:46.4	5	139141	773	774	43
37:46.4	5	139321	774	783	44
40:46.4	2	139501	775	776	228
43:46.4	2	139681	776	777	229
46:46.4	2	139861	777	778	230
49:46.4	2	140041	778	780	231
52:46.4	7	140221	779	790	33
55:46.4	2	140401	780	781	232
58:46.4	2	140581	781	785	233
01:46.4	8	140761	782	814	24
04:46.4	5	140941	783	796	45
07:46.4	4	141121	784	791	59
10:46.4	2	141301	785	787	234
13:46.4	3	141481	786	807	104
16:46.4	2	141661	787	788	235
19:46.4	2	141841	788	792	236
22:46.4	10	142021	789	795	32
25:46.4	7	142201	790	794	34
28:46.4	4	142381	791	829	60
31:46.4	2	142561	792	797	237
34:46.4	6	142741	793	798	36
37:46.4	7	142921	794	808	35
40:46.4	10	143101	795	803	33
43:46.4	5	143281	796	812	46
46:46.4	2	143461	797	801	238
49:46.4	6	143641	798	804	37
52:46.4	17	143821	799	809	16
55:46.4	1	144001	800	952	19
58:46.4	2	144181	801	802	239
01:46.4	2	144361	802	806	240
04:46.4	10	144541	803	837	34
07:46.4	6	144721	804	847	38
10:46.4	20	144901	805	867	16
13:46.4	2	145081	806	815	241
16:46.4	3	145261	807	810	105
19:46.4	7	145441	808	835	36
22:46.4	17	145621	809	963	17
25:46.4	3	145801	810	813	106
28:46.4	18	145981	811	843	19
31:46.4	5	146161	812	816	47
34:46.4	3	146341	813	817	107
37:46.4	8	146521	814	818	25
40:46.4	2	146701	815	819	242
43:46.4	5	146881	816	852	48
46:46.4	3	147061	817	820	108
49:46.4	8	147241	818	848	26
52:46.4	2	147421	819	823	243
55:46.4	3	147601	820	821	109
58:46.4	3	147781	821	825	110
01:46.4	11	147961	822	827	22
04:46.4	2	148141	823	824	244
07:46.4	2	148321	824	826	245
10:46.4	3	148501	825	828	111
13:46.4	2	148681	826	832	246
16:46.4	11	148861	827	834	23
19:46.4	3	149041	828	830	112
22:46.4	4	149221	829	850	61
25:46.4	3	149401	830	831	113
28:46.4	3	149581	831	836	114
31:46.4	2	149761	832	838	247
34:46.4	14	149941	833	904	20
37:46.4	11	150121	834	905	24
40:46.4	7	150301	835	844	37
43:46.4	3	150481	836	842	115
46:46.4	10	150661	837	855	35
49:46.4	2	150841	838	839	248
52:46.4	2	151021	839	840	249
55:46.4	2	151201	840	841	250
58:46.4	2	151381	841	846	251
01:46.4	3	151561	842	862	116
04:46.4	18	151741	843	864	20
07:46.4	7	151921	844	845	38
10:46.4	7	152101	845	853	39
13:46.4	2	152281	846	849	252
16:46.4	6	152461	847	895	39
19:46.4	8	152641	848	872	27
22:46.4	2	152821	849	854	253
25:46.4	4	153001	850	863	62
28:46.4	15	153181	851	913	27
31:46.4	5	153361	852	858	49
34:46.4	7	153541	853	865	40
37:46.4	2	153721	854	859	254
40:46.4	10	153901	855	856	36
43:46.4	10	154081	856	860	37
46:46.4	12	154261	857	868	15
49:46.4	5	154441	858	903	50
52:46.4	2	154621	859	861	255
55:46.4	10	154801	860	890	38
58:46.4	2	154981	861	869	256
01:46.4	3	155161	862	866	117
04:46.4	4	155341	863	870	63
07:46.4	18	155521	864	894	21
10:46.4	7	155701	865	918	41
13:46.4	3	155881	866	877	118
16:46.4	20	156061	867	887	17
19:46.4	12	156241	868	958	16
22:46.4	2	156421	869	871	257
25:46.4	4	156601	870	879	64
28:46.4	2	156781	871	873	258
31:46.4	8	156961	872	891	28
34:46.4	2	157141	873	874	259
37:46.4	2	157321	874	875	260
40:46.4	2	157501	875	876	261
43:46.4	2	157681	876	884	262
46:46.4	3	157861	877	878	119
49:46.4	3	158041	878	883	120
52:46.4	4	158221	879	880	65
55:46.4	4	158401	880	882	66
58:46.4	9	158581	881	912	25
01:46.4	4	158761	882	892	67
04:46.4	3	158941	883	893	121
07:46.4	2	159121	884	886	263
10:46.4	16	159301	885	888	16
13:46.4	2	159481	886	889	264
16:46.4	20	159661	887	1053	18
19:46.4	16	159841	888	914	17
22:46.4	2	160021	889	897	265
25:46.4	10	160201	890	909	39
28:46.4	8	160381	891	1013	29
31:46.4	4	160561	892	916	68
34:46.4	3	160741	893	896	122
37:46.4	18	160921	894	978	22
40:46.4	6	161101	895	926	40
43:46.4	3	161281	896	898	123
46:46.4	2	161461	897	900	266
49:46.4	3	161641	898	899	124
52:46.4	3	161821	899	902	125
55:46.4	2	162001	900	901	267
58:46.4	2	162181	901	910	268
01:46.4	3	162361	902	908	126
04:46.4	5	162541	903	906	51
07:46.4	14	162721	904	907	21
10:46.4	11	162901	905	939	25
13:46.4	5	163081	906	923	52
16:46.4	14	163261	907	1002	22
19:46.4	3	163441	908	919	127
22:46.4	10	163621	909	942	40
25:46.4	2	163801	910	911	269
28:46.4	2	163981	911	915	270
31:46.4	9	164161	912	931	26
34:46.4	15	164341	913	932	28
37:46.4	16	164521	914	940	18
40:46.4	2	164701	915	921	271
43:46.4	4	164881	916	925	69
46:46.4	19	165061	917	920	17
49:46.4	7	165241	918	982	42
52:46.4	3	165421	919	936	128
55:46.4	19	165601	920	924	18
58:46.4	2	165781	921	922	272
01:46.4	2	165961	922	927	273
04:46.4	5	166141	923	928	53
07:46.4	19	166321	924	935	19
10:46.4	4	166501	925	947	70
13:46.4	6	166681	926	929	41
16:46.4	2	166861	927	930	274
19:46.4	5	167041	928	941	54
22:46.4	6	167221	929	934	42
25:46.4	2	167401	930	933	275
28:46.4	9	167581	931	1017	27
31:46.4	15	167761	932	938	29
34:46.4	2	167941	933	944	276
37:46.4	6	168121	934	949	43
40:46.4	19	168301	935	1094	20
43:46.4	3	168481	936	937	129
46:46.4	3	168661	937	961	130
49:46.4	15	168841	938	1092	30
52:46.4	11	169021	939	996	26
55:46.4	16	169201	940	1037	19
58:46.4	5	169381	941	943	55
01:46.4	10	169561	942	950	41
04:46.4	5	169741	943	956	56
07:46.4	2	169921	944	945	277
10:46.4	2	170101	945	946	278
13:46.4	2	170281	946	948	279
16:46.4	4	170461	947	951	71
19:46.4	2	170641	948	953	280
22:46.4	6	170821	949	954	44
25:46.4	10	171001	950	955	42
28:46.4	4	171181	951	974	72
31:46.4	1	171361	952	983	20
34:46.4	2	171541	953	957	281
37:46.4	6	171721	954	975	45
40:46.4	10	171901	955	990	43
43:46.4	5	172081	956	964	57
46:46.4	2	172261	957	959	282
49:46.4	12	172441	958	991	17
52:46.4	2	172621	959	965	283
55:46.4	13	172801	960	967	22
58:46.4	3	172981	961	962	131
01:46.4	3	173161	962	966	132
04:46.4	17	173341	963	999	18
07:46.4	5	173521	964	977	58
10:46.4	2	173701	965	969	284
13:46.4	3	173881	966	968	133
16:46.4	13	174061	967	970	23
19:46.4	3	174241	968	971	134
22:46.4	2	174421	969	973	285
25:46.4	13	174601	970	989	24
28:46.4	3	174781	971	972	135
31:46.4	3	174961	972	976	136
34:46.4	2	175141	973	981	286
37:46.4	4	175321	974	986	73
40:46.4	6	175501	975	980	46
43:46.4	3	175681	976	988	137
46:46.4	5	175861	977	979	59
49:46.4	18	176041	978	1008	23
52:46.4	5	176221	979	984	60
55:46.4	6	176401	980	1004	47
58:46.4	2	176581	981	985	287
01:46.4	7	176761	982	1020	43
04:46.4	1	176941	983	1000	21
07:46.4	5	177121	984	1003	61
10:46.4	2	177301	985	987	288
13:46.4	4	177481	986	1006	74
16:46.4	2	177661	987	994	289
19:46.4	3	177841	988	992	138
22:46.4	13	178021	989	1012	25
25:46.4	10	178201	990	1027	44
28:46.4	12	178381	991	1018	18
31:46.4	3	178561	992	993	139
34:46.4	3	178741	993	998	140
37:46.4	2	178921	994	995	290
40:46.4	2	179101	995	997	291
43:46.4	11	179281	996	1014	27
46:46.4	2	179461	997	1007	292
49:46.4	3	179641	998	1001	141
52:46.4	17	179821	999	1009	19
55:46.4	1	180001	1000	1024	22
58:46.4	3	180181	1001	1011	142
01:46.4	14	180361	1002	1067	23
04:46.4	5	180541	1003	1005	62
07:46.4	6	180721	1004	1022	48
10:46.4	5	180901	1005	1039	63
13:46.4	4	181081	1006	1010	75
16:46.4	2	181261	1007	1016	293
19:46.4	18	181441	1008	1061	24
22:46.4	17	181621	1009	1045	20
25:46.4	4	181801	1010	1015	76
28:46.4	3	181981	1011	1023	143
31:46.4	13	182161	1012	1072	26
34:46.4	8	182341	1013	1025	30
37:46.4	11	182521	1014	1049	28
40:46.4	4	182701	1015	1021	77
43:46.4	2	182881	1016	1026	294
46:46.4	9	183061	1017	1019	28
49:46.4	12	183241	1018	1069	19
52:46.4	9	183421	1019	1275	29
55:46.4	7	183601	1020	1028	44
58:46.4	4	183781	1021	1032	78
01:46.4	6	183961	1022	1082	49
04:46.4	3	184141	1023	1043	144
07:46.4	1	184321	1024	1029	23
10:46.4	8	184501	1025	1035	31
13:46.4	2	184681	1026	1030	295
16:46.4	10	184861	1027	1074	45
19:46.4	7	185041	1028	1079	45
22:46.4	1	185221	1029	1052	24
25:46.4	2	185401	1030	1031	296
28:46.4	2	185581	1031	1033	297
31:46.4	4	185761	1032	1062	79
34:46.4	2	185941	1033	1034	298
37:46.4	2	186121	1034	1036	299
40:46.4	8	186301	1035	1042	32
43:46.4	2	186481	1036	1038	300
46:46.4	16	186661	1037	1088	20
49:46.4	2	186841	1038	1040	301
52:46.4	5	187021	1039	1054	64
55:46.4	2	187201	1040	1041	302
58:46.4	2	187381	1041	1044	303
01:46.4	8	187561	1042	1063	33
04:46.4	3	187741	1043	1046	145
07:46.4	2	187921	1044	1047	304
10:46.4	17	188101	1045	1090	21
13:46.4	3	188281	1046	1064	146
16:46.4	2	188461	1047	1048	305
19:46.4	2	188641	1048	1050	306
22:46.4	11	188821	1049	1121	29
25:46.4	2	189001	1050	1051	307
28:46.4	2	189181	1051	1056	308
31:46.4	1	189361	1052	1255	25
34:46.4	20	189541	1053	1055	19
37:46.4	5	189721	1054	1060	65
40:46.4	20	189901	1055	1057	20
43:46.4	2	190081	1056	1058	309
46:46.4	20	190261	1057	1104	21
49:46.4	2	190441	1058	1059	310
52:46.4	2	190621	1059	1068	311
55:46.4	5	190801	1060	1066	66
58:46.4	18	190981	1061	1077	25
01:46.4	4	191161	1062	1080	80
04:46.4	8	191341	1063	1071	34
07:46.4	3	191521	1064	1065	147
10:46.4	3	191701	1065	1083	148
13:46.4	5	191881	1066	1073	67
16:46.4	14	192061	1067	1107	24
19:46.4	2	192241	1068	1070	312
22:46.4	12	192421	1069	1087	20
25:46.4	2	192601	1070	1075	313
28:46.4	8	192781	1071	1102	35
31:46.4	13	192961	1072	1126	27
34:46.4	5	193141	1073	1125	68
37:46.4	10	193321	1074	1109	46
40:46.4	2	193501	1075	1076	314
43:46.4	2	193681	1076	1078	315
46:46.4	18	193861	1077	1119	26
49:46.4	2	194041	1078	1084	316
52:46.4	7	194221	1079	1101	46
55:46.4	4	194401	1080	1081	81
58:46.4	4	194581	1081	1086	82
01:46.4	6	194761	1082	1124	50
04:46.4	3	194941	1083	1097	149
07:46.4	2	195121	1084	1085	317
10:46.4	2	195301	1085	1089	318
13:46.4	4	195481	1086	1110	83
16:46.4	12	195661	1087	1098	21
19:46.4	16	195841	1088	1112	21
22:46.4	2	196021	1089	1091	319
25:46.4	17	196201	1090	1095	22
28:46.4	2	196381	1091	1093	320
31:46.4	15	196561	1092	1111	31
34:46.4	2	196741	1093	1096	321
37:46.4	19	196921	1094	1194	21
40:46.4	17	197101	1095	1145	23
43:46.4	2	197281	1096	1099	322
46:46.4	3	197461	1097	1108	150
49:46.4	12	197641	1098	1100	22
52:46.4	2	197821	1099	1103	323
55:46.4	12	198001	1100	1113	23
58:46.4	7	198181	1101	1151	47
01:46.4	8	198361	1102	1144	36
04:46.4	2	198541	1103	1105	324
07:46.4	20	198721	1104	1137	22
10:46.4	2	198901	1105	1106	325
13:46.4	2	199081	1106	1114	326
16:46.4	14	199261	1107	1117	25
19:46.4	3	199441	1108	1118	151
22:46.4	10	199621	1109	1178	47
25:46.4	4	199801	1110	1156	84
28:46.4	15	199981	1111	1131	32
31:46.4	16	200161	1112	1129	22
34:46.4	12	200341	1113	1116	24
37:46.4	2	200521	1114	1115	327
40:46.4	2	200701	1115	1120	328
43:46.4	12	200881	1116	1138	25
46:46.4	14	201061	1117	1186	26
49:46.4	3	201241	1118	1128	152
52:46.4	18	201421	1119	1185	27
55:46.4	2	201601	1120	1122	329
58:46.4	11	201781	1121	1123	30
01:46.4	2	201961	1122	1141	330
04:46.4	11	202141	1123	1135	31
07:46.4	6	202321	1124	1127	51
10:46.4	5	202501	1125	1130	69
13:46.4	13	202681	1126	1132	28
16:46.4	6	202861	1127	1133	52
19:46.4	3	203041	1128	1134	153
22:46.4	16	203221	1129	1202	23
25:46.4	5	203401	1130	1155	70
28:46.4	15	203581	1131	1149	33
31:46.4	13	203761	1132	1294	29
34:46.4	6	203941	1133	1140	53
37:46.4	3	204121	1134	1136	154
40:46.4	11	204301	1135	1153	32
43:46.4	3	204481	1136	1139	155
46:46.4	20	204661	1137	1205	23
49:46.4	12	204841	1138	1160	26
52:46.4	3	205021	1139	1146	156
55:46.4	6	205201	1140	1143	54
58:46.4	2	205381	1141	1142	331
01:46.4	2	205561	1142	1147	332
04:46.4	6	205741	1143	1173	55
07:46.4	8	205921	1144	1192	37
10:46.4	17	206101	1145	1148	24
13:46.4	3	206281	1146	1150	157
16:46.4	2	206461	1147	1152	333
19:46.4	17	206641	1148	1306	25
22:46.4	15	206821	1149	1159	34
25:46.4	3	207001	1150	1154	158
28:46.4	7	207181	1151	1161	48
31:46.4	2	207361	1152	1162	334
34:46.4	11	207541	1153	1198	33
37:46.4	3	207721	1154	1158	159
40:46.4	5	207901	1155	1182	71
43:46.4	4	208081	1156	1157	85
46:46.4	4	208261	1157	1167	86
49:46.4	3	208441	1158	1174	160
52:46.4	15	208621	1159	1164	35
55:46.4	12	208801	1160	1188	27
58:46.4	7	208981	1161	1166	49
01:46.4	2	209161	1162	1163	335
04:46.4	2	209341	1163	1168	336
07:46.4	15	209521	1164	1165	36
10:46.4	15	209701	1165	1172	37
13:46.4	7	209881	1166	1180	50
16:46.4	4	210061	1167	1169	87
19:46.4	2	210241	1168	1170	337
22:46.4	4	210421	1169	1171	88
25:46.4	2	210601	1170	1175	338
28:46.4	4	210781	1171	1177	89
31:46.4	15	210961	1172	1289	38
34:46.4	6	211141	1173	1187	56
37:46.4	3	211321	1174	1183	161
40:46.4	2	211501	1175	1176	339
43:46.4	2	211681	1176	1179	340
46:46.4	4	211861	1177	1190	90
49:46.4	10	212041	1178	1281	48
52:46.4	2	212221	1179	1184	341
55:46.4	7	212401	1180	1181	51
58:46.4	7	212581	1181	1273	52
01:46.4	5	212761	1182	1197	72
04:46.4	3	212941	1183	1204	162
07:46.4	2	213121	1184	1189	342
10:46.4	18	213301	1185	1217	28
13:46.4	14	213481	1186	1249	27
16:46.4	6	213661	1187	1195	57
19:46.4	12	213841	1188	1206	28
22:46.4	2	214021	1189	1191	343
25:46.4	4	214201	1190	1210	91
28:46.4	2	214381	1191	1193	344
31:46.4	8	214561	1192	1201	38
34:46.4	2	214741	1193	1196	345
37:46.4	19	214921	1194	1223	22
40:46.4	6	215101	1195	1203	58
43:46.4	2	215281	1196	1200	346
46:46.4	5	215461	1197	1199	73
49:46.4	11	215641	1198	1208	34
52:46.4	5	215821	1199	1218	74
55:46.4	2	216001	1200	1207	347
58:46.4	8	216181	1201	1220	39
01:46.4	16	216361	1202	1231	24
04:46.4	6	216541	1203	1257	59
07:46.4	3	216721	1204	1212	163
10:46.4	20	216901	1205	1250	24
13:46.4	12	217081	1206	1214	29
16:46.4	2	217261	1207	1209	348
19:46.4	11	217441	1208	1235	35
22:46.4	2	217621	1209	1211	349
25:46.4	4	217801	1210	1219	92
28:46.4	2	217981	1211	1213	350
31:46.4	3	218161	1212	1216	164
34:46.4	2	218341	1213	1215	351
37:46.4	12	218521	1214	1260	30
40:46.4	2	218701	1215	1225	352
43:46.4	3	218881	1216	1222	165
46:46.4	18	219061	1217	1264	29
49:46.4	5	219241	1218	1237	75
52:46.4	4	219421	1219	1221	93
55:46.4	8	219601	1220	1227	40
58:46.4	4	219781	1221	1240	94
01:46.4	3	219961	1222	1224	166
04:46.4	19	220141	1223	1243	23
07:46.4	3	220321	1224	1234	167
10:46.4	2	220501	1225	1226	353
13:46.4	2	220681	1226	1228	354
16:46.4	8	220861	1227	1258	41
19:46.4	2	221041	1228	1229	355
22:46.4	2	221221	1229	1230	356
25:46.4	2	221401	1230	1233	357
28:46.4	16	221581	1231	1232	25
31:46.4	16	221761	1232	1276	26
34:46.4	2	221941	1233	1238	358
37:46.4	3	222121	1234	1236	168
40:46.4	11	222301	1235	1239	36
43:46.4	3	222481	1236	1245	169
46:46.4	5	222661	1237	1241	76
49:46.4	2	222841	1238	1246	359
52:46.4	11	223021	1239	1301	37
55:46.4	4	223201	1240	1244	95
58:46.4	5	223381	1241	1242	77
01:46.4	5	223561	1242	1265	78
04:46.4	19	223741	1243	1377	24
07:46.4	4	223921	1244	1270	96
10:46.4	3	224101	1245	1247	170
13:46.4	2	224281	1246	1248	360
16:46.4	3	224461	1247	1263	171
19:46.4	2	224641	1248	1251	361
22:46.4	14	224821	1249	1259	28
25:46.4	20	225001	1250	1295	25
28:46.4	2	225181	1251	1252	362
31:46.4	2	225361	1252	1253	363
34:46.4	2	225541	1253	1254	364
37:46.4	2	225721	1254	1261	365
40:46.4	1	225901	1255	1256	26
43:46.4	1	226081	1256	1320	27
46:46.4	6	226261	1257	1272	60
49:46.4	8	226441	1258	1418	42
52:46.4	14	226621	1259	1327	29
55:46.4	12	226801	1260	1279	31
58:46.4	2	226981	1261	1262	366
01:46.4	2	227161	1262	1268	367
04:46.4	3	227341	1263	1266	172
07:46.4	18	227521	1264	1373	30
10:46.4	5	227701	1265	1287	79
13:46.4	3	227881	1266	1267	173
16:46.4	3	228061	1267	1278	174
19:46.4	2	228241	1268	1269	368
22:46.4	2	228421	1269	1274	369
25:46.4	4	228601	1270	1271	97
28:46.4	4	228781	1271	1280	98
31:46.4	6	228961	1272	1277	61
34:46.4	7	229141	1273	1296	53
37:46.4	2	229321	1274	1283	370
40:46.4	9	229501	1275	1293	30
43:46.4	16	229681	1276	1426	27
46:46.4	6	229861	1277	1345	62
49:46.4	3	230041	1278	1291	175
52:46.4	12	230221	1279	1282	32
55:46.4	4	230401	1280	1299	99
58:46.4	10	230581	1281	1329	49
01:46.4	12	230761	1282	1333	33
04:46.4	2	230941	1283	1284	371
07:46.4	2	231121	1284	1285	372
10:46.4	2	231301	1285	1286	373
13:46.4	2	231481	1286	1288	374
16:46.4	5	231661	1287	1316	80
19:46.4	2	231841	1288	1290	375
22:46.4	15	232021	1289	1313	39
25:46.4	2	232201	1290	1297	376
28:46.4	3	232381	1291	1292	176
31:46.4	3	232561	1292	1300	177
34:46.4	9	232741	1293	1399	31
37:46.4	13	232921	1294	1309	30
40:46.4	20	233101	1295	1369	26
43:46.4	7	233281	1296	1308	54
46:46.4	2	233461	1297	1298	377
49:46.4	2	233641	1298	1302	378
52:46.4	4	233821	1299	1312	100
55:46.4	3	234001	1300	1330	178
58:46.4	11	234181	1301	1305	38
01:46.4	2	234361	1302	1303	379
04:46.4	2	234541	1303	1304	380
07:46.4	2	234721	1304	1307	381
10:46.4	11	234901	1305	1331	39
13:46.4	17	235081	1306	1314	26
16:46.4	2	235261	1307	1310	382
19:46.4	7	235441	1308	1353	55
22:46.4	13	235621	1309	1322	31
25:46.4	2	235801	1310	1311	383
28:46.4	2	235981	1311	1315	384
31:46.4	4	236161	1312	1325	101
34:46.4	15	236341	1313	1317	40
37:46.4	17	236521	1314	1436	27
40:46.4	2	236701	1315	1319	385
43:46.4	5	236881	1316	1318	81
46:46.4	15	237061	1317	1372	41
49:46.4	5	237241	1318	1339	82
52:46.4	2	237421	1319	1321	386
55:46.4	1	237601	1320	1328	28
58:46.4	2	237781	1321	1323	387
01:46.4	13	237961	1322	1363	32
04:46.4	2	238141	1323	1324	388
07:46.4	2	238321	1324	1326	389
10:46.4	4	238501	1325	1335	102
13:46.4	2	238681	1326	1332	390
16:46.4	14	238861	1327	1346	30
19:46.4	1	239041	1328	1364	29
22:46.4	10	239221	1329	1371	50
25:46.4	3	239401	1330	1334	179
28:46.4	11	239581	1331	1342	40
31:46.4	2	239761	1332	1336	391
34:46.4	12	239941	1333	1360	34
37:46.4	3	240121	1334	1354	180
40:46.4	4	240301	1335	1341	103
43:46.4	2	240481	1336	1337	392
46:46.4	2	240661	1337	1338	393
49:46.4	2	240841	1338	1340	394
52:46.4	5	241021	1339	1343	83
55:46.4	2	241201	1340	1344	395
58:46.4	4	241381	1341	1411	104
01:46.4	11	241561	1342	1349	41
04:46.4	5	241741	1343	1409	84
07:46.4	2	241921	1344	1347	396
10:46.4	6	242101	1345	1348	63
13:46.4	14	242281	1346	1431	31
16:46.4	2	242461	1347	1351	397
19:46.4	6	242641	1348	1350	64
22:46.4	11	242821	1349	1387	42
25:46.4	6	243001	1350	1357	65
28:46.4	2	243181	1351	1352	398
31:46.4	2	243361	1352	1356	399
34:46.4	7	243541	1353	1382	56
37:46.4	3	243721	1354	1355	181
40:46.4	3	243901	1355	1358	182
43:46.4	2	244081	1356	1359	400
46:46.4	6	244261	1357	1368	66
49:46.4	3	244441	1358	1365	183
52:46.4	2	244621	1359	1361	401
55:46.4	12	244801	1360	1408	35
58:46.4	2	244981	1361	1362	402
01:46.4	2	245161	1362	1366	403
04:46.4	13	245341	1363	1410	33
07:46.4	1	245521	1364	1386	30
10:46.4	3	245701	1365	1367	184
13:46.4	2	245881	1366	1370	404
16:46.4	3	246061	1367	1374	185
19:46.4	6	246241	1368	1376	67
22:46.4	20	246421	1369	1400	27
25:46.4	2	246601	1370	1378	405
28:46.4	10	246781	1371	1381	51
31:46.4	15	246961	1372	1389	42
34:46.4	18	247141	1373	1395	31
37:46.4	3	247321	1374	1375	186
40:46.4	3	247501	1375	1390	187
43:46.4	6	247681	1376	1380	68
46:46.4	19	247861	1377	1397	25
49:46.4	2	248041	1378	1379	406
52:46.4	2	248221	1379	1383	407
55:46.4	6	248401	1380	1385	69
58:46.4	10	248581	1381	1404	52
01:46.4	7	248761	1382	1388	57
04:46.4	2	248941	1383	1384	408
07:46.4	2	249121	1384	1394	409
10:46.4	6	249301	1385	1401	70
13:46.4	1	249481	1386	1491	31
16:46.4	11	249661	1387	1553	43
19:46.4	7	249841	1388	1392	58
22:46.4	15	250021	1389	1396	43
25:46.4	3	250201	1390	1391	188
28:46.4	3	250381	1391	1393	189
31:46.4	7	250561	1392	1398	59
34:46.4	3	250741	1393	1413	190
37:46.4	2	250921	1394	1402	410
40:46.4	18	251101	1395	1546	32
43:46.4	15	251281	1396	1438	44
46:46.4	19	251461	1397	1439	26
49:46.4	7	251641	1398	1419	60
52:46.4	9	251821	1399	1469	32
55:46.4	20	252001	1400	1479	28
58:46.4	6	252181	1401	1437	71
01:46.4	2	252361	1402	1403	411
04:46.4	2	252541	1403	1405	412
07:46.4	10	252721	1404	1430	53
10:46.4	2	252901	1405	1406	413
13:46.4	2	253081	1406	1407	414
16:46.4	2	253261	1407	1414	415
19:46.4	12	253441	1408	1432	36
22:46.4	5	253621	1409	1421	85
25:46.4	13	253801	1410	1471	34
28:46.4	4	253981	1411	1412	105
31:46.4	4	254161	1412	1415	106
34:46.4	3	254341	1413	1417	191
37:46.4	2	254521	1414	1416	416
40:46.4	4	254701	1415	1424	107
43:46.4	2	254881	1416	1422	417
46:46.4	3	255061	1417	1427	192
49:46.4	8	255241	1418	1429	43
52:46.4	7	255421	1419	1420	61
55:46.4	7	255601	1420	1425	62
58:46.4	5	255781	1421	1444	86
01:46.4	2	255961	1422	1423	418
04:46.4	2	256141	1423	1428	419
07:46.4	4	256321	1424	1433	108
10:46.4	7	256501	1425	1442	63
13:46.4	16	256681	1426	1454	28
16:46.4	3	256861	1427	1440	193
19:46.4	2	257041	1428	1435	420
22:46.4	8	257221	1429	1472	44
25:46.4	10	257401	1430	1450	54
28:46.4	14	257581	1431	1458	32
31:46.4	12	257761	1432	1457	37
34:46.4	4	257941	1433	1434	109
37:46.4	4	258121	1434	1447	110
40:46.4	2	258301	1435	1441	421
43:46.4	17	258481	1436	1525	28
46:46.4	6	258661	1437	1445	72
49:46.4	15	258841	1438	1498	45
52:46.4	19	259021	1439	1461	27
55:46.4	3	259201	1440	1449	194
58:46.4	2	259381	1441	1443	422
01:46.4	7	259561	1442	1514	64
04:46.4	2	259741	1443	1446	423
07:46.4	5	259921	1444	1448	87
10:46.4	6	260101	1445	1466	73
13:46.4	2	260281	1446	1453	424
16:46.4	4	260461	1447	1464	111
19:46.4	5	260641	1448	1452	88
22:46.4	3	260821	1449	1451	195
25:46.4	10	261001	1450	1499	55
28:46.4	3	261181	1451	1455	196
31:46.4	5	261361	1452	1474	89
34:46.4	2	261541	1453	1456	425
37:46.4	16	261721	1454	1487	29
40:46.4	3	261901	1455	1460	197
43:46.4	2	262081	1456	1459	426
46:46.4	12	262261	1457	1468	38
49:46.4	14	262441	1458	1550	33
52:46.4	2	262621	1459	1462	427
55:46.4	3	262801	1460	1480	198
58:46.4	19	262981	1461	1463	28
01:46.4	2	263161	1462	1465	428
04:46.4	19	263341	1463	1539	29
07:46.4	4	263521	1464	1486	112
10:46.4	2	263701	1465	1467	429
13:46.4	6	263881	1466	1484	74
16:46.4	2	264061	1467	1470	430
19:46.4	12	264241	1468	1476	39
22:46.4	9	264421	1469	1547	33
25:46.4	2	264601	1470	1473	431
28:46.4	13	264781	1471	1485	35
31:46.4	8	264961	1472	1506	45
34:46.4	2	265141	1473	1475	432
37:46.4	5	265321	1474	1489	90
40:46.4	2	265501	1475	1477	433
43:46.4	12	265681	1476	1582	40
46:46.4	2	265861	1477	1478	434
49:46.4	2	266041	1478	1482	435
52:46.4	20	266221	1479	1535	29
55:46.4	3	266401	1480	1481	199
58:46.4	3	266581	1481	1483	200
01:46.4	2	266761	1482	1490	436
04:46.4	3	266941	1483	1492	201
07:46.4	6	267121	1484	1574	75
10:46.4	13	267301	1485	1488	36
13:46.4	4	267481	1486	1493	113
16:46.4	16	267661	1487	1517	30
19:46.4	13	267841	1488	1621	37
22:46.4	5	268021	1489	1513	91
25:46.4	2	268201	1490	1494	437
28:46.4	1	268381	1491	1601	32
31:46.4	3	268561	1492	1495	202
34:46.4	4	268741	1493	1504	114
37:46.4	2	268921	1494	1497	438
40:46.4	3	269101	1495	1496	203
43:46.4	3	269281	1496	1501	204
46:46.4	2	269461	1497	1500	439
49:46.4	15	269641	1498	1532	46
52:46.4	10	269821	1499	1516	56
55:46.4	2	270001	1500	1502	440
58:46.4	3	270181	1501	1505	205
01:46.4	2	270361	1502	1503	441
04:46.4	2	270541	1503	1507	442
07:46.4	4	270721	1504	1508	115
10:46.4	3	270901	1505	1509	206
13:46.4	8	271081	1506	1511	46
16:46.4	2	271261	1507	1518	443
19:46.4	4	271441	1508	1512	116
22:46.4	3	271621	1509	1510	207
25:46.4	3	271801	1510	1521	208
28:46.4	8	271981	1511	1519	47
31:46.4	4	272161	1512	1515	117
34:46.4	5	272341	1513	1522	92
37:46.4	7	272521	1514	1520	65
40:46.4	4	272701	1515	1530	118
43:46.4	10	272881	1516	1545	57
46:46.4	16	273061	1517	1555	31
49:46.4	2	273241	1518	1523	444
52:46.4	8	273421	1519	1527	48
55:46.4	7	273601	1520	1543	66
58:46.4	3	273781	1521	1528	209
01:46.4	5	273961	1522	1531	93
04:46.4	2	274141	1523	1524	445
07:46.4	2	274321	1524	1526	446
10:46.4	17	274501	1525	1529	29
13:46.4	2	274681	1526	1537	447
16:46.4	8	274861	1527	1542	49
19:46.4	3	275041	1528	1533	210
22:46.4	17	275221	1529	1534	30
25:46.4	4	275401	1530	1541	119
28:46.4	5	275581	1531	1536	94
31:46.4	15	275761	1532	1614	47
34:46.4	3	275941	1533	1548	211
37:46.4	17	276121	1534	1554	31
40:46.4	20	276301	1535	1600	30
43:46.4	5	276481	1536	1544	95
46:46.4	2	276661	1537	1538	448
49:46.4	2	276841	1538	1540	449
52:46.4	19	277021	1539	1559	30
55:46.4	2	277201	1540	1551	450
58:46.4	4	277381	1541	1560	120
01:46.4	8	277561	1542	1569	50
04:46.4	7	277741	1543	1566	67
07:46.4	5	277921	1544	1565	96
10:46.4	10	278101	1545	1549	58
13:46.4	18	278281	1546	1564	33
16:46.4	9	278461	1547	1592	34
19:46.4	3	278641	1548	1552	212
22:46.4	10	278821	1549	1573	59
25:46.4	14	279001	1550	1556	34
28:46.4	2	279181	1551	1557	451
31:46.4	3	279361	1552	1579	213
34:46.4	11	279541	1553	1563	44
37:46.4	17	279721	1554	1645	32
40:46.4	16	279901	1555	1561	32
43:46.4	14	280081	1556	1635	35
46:46.4	2	280261	1557	1558	452
49:46.4	2	280441	1558	1562	453
52:46.4	19	280621	1559	1575	31
55:46.4	4	280801	1560	1570	121
58:46.4	16	280981	1561	1608	33
01:46.4	2	281161	1562	1567	454
04:46.4	11	281341	1563	1578	45
07:46.4	18	281521	1564	1613	34
10:46.4	5	281701	1565	1588	97
13:46.4	7	281881	1566	1701	68
16:46.4	2	282061	1567	1568	455
19:46.4	2	282241	1568	1571	456
22:46.4	8	282421	1569	1587	51
25:46.4	4	282601	1570	1572	122
28:46.4	2	282781	1571	1576	457
31:46.4	4	282961	1572	1577	123
34:46.4	10	283141	1573	1602	60
37:46.4	6	283321	1574	1599	76
40:46.4	19	283501	1575	1729	32
43:46.4	2	283681	1576	1580	458
46:46.4	4	283861	1577	1607	124
49:46.4	11	284041	1578	1583	46
52:46.4	3	284221	1579	1585	214
55:46.4	2	284401	1580	1581	459
58:46.4	2	284581	1581	1584	460
01:46.4	12	284761	1582	1623	41
04:46.4	11	284941	1583	1591	47
07:46.4	2	285121	1584	1589	461
10:46.4	3	285301	1585	1586	215
13:46.4	3	285481	1586	1595	216
16:46.4	8	285661	1587	1630	52
19:46.4	5	285841	1588	1606	98
22:46.4	2	286021	1589	1590	462
25:46.4	2	286201	1590	1593	463
28:46.4	11	286381	1591	1612	48
31:46.4	9	286561	1592	1633	35
34:46.4	2	286741	1593	1594	464
37:46.4	2	286921	1594	1597	465
40:46.4	3	287101	1595	1596	217
43:46.4	3	287281	1596	1598	218
46:46.4	2	287461	1597	1603	466
49:46.4	3	287641	1598	1622	219
52:46.4	6	287821	1599	1628	77
55:46.4	20	288001	1600	1626	31
58:46.4	1	288181	1601	1660	33
01:46.4	10	288361	1602	1741	61
04:46.4	2	288541	1603	1604	467
07:46.4	2	288721	1604	1605	468
10:46.4	2	288901	1605	1609	469
13:46.4	5	289081	1606	1661	99
16:46.4	4	289261	1607	1616	125
19:46.4	16	289441	1608	1619	34
22:46.4	2	289621	1609	1610	470
25:46.4	2	289801	1610	1611	471
28:46.4	2	289981	1611	1615	472
31:46.4	11	290161	1612	1689	49
34:46.4	18	290341	1613	1703	35
37:46.4	15	290521	1614	1617	48
40:46.4	2	290701	1615	1618	473
43:46.4	4	290881	1616	1625	126
46:46.4	15	291061	1617	1629	49
49:46.4	2	291241	1618	1620	474
52:46.4	16	291421	1619	1648	35
55:46.4	2	291601	1620	1627	475
58:46.4	13	291781	1621	1643	38
01:46.4	3	291961	1622	1624	220
04:46.4	12	292141	1623	1651	42
07:46.4	3	292321	1624	1634	221
10:46.4	4	292501	1625	1632	127
13:46.4	20	292681	1626	1715	32
16:46.4	2	292861	1627	1631	476
19:46.4	6	293041	1628	1646	78
22:46.4	15	293221	1629	1688	50
25:46.4	8	293401	1630	1641	53
28:46.4	2	293581	1631	1636	477
31:46.4	4	293761	1632	1640	128
34:46.4	9	293941	1633	1698	36
37:46.4	3	294121	1634	1637	222
40:46.4	14	294301	1635	1644	36
43:46.4	2	294481	1636	1642	478
46:46.4	3	294661	1637	1638	223
49:46.4	3	294841	1638	1639	224
52:46.4	3	295021	1639	1652	225
55:46.4	4	295201	1640	1647	129
58:46.4	8	295381	1641	1674	54
01:46.4	2	295561	1642	1649	479
04:46.4	13	295741	1643	1655	39
07:46.4	14	295921	1644	1667	37
10:46.4	17	296101	1645	1656	33
13:46.4	6	296281	1646	1653	79
16:46.4	4	296461	1647	1662	130
19:46.4	16	296641	1648	1684	36
22:46.4	2	296821	1649	1650	480
25:46.4	2	297001	1650	1657	481
28:46.4	12	297181	1651	1654	43
31:46.4	3	297361	1652	1663	226
34:46.4	6	297541	1653	1702	80
37:46.4	12	297721	1654	1691	44
40:46.4	13	297901	1655	1683	40
43:46.4	17	298081	1656	1758	34
46:46.4	2	298261	1657	1658	482
49:46.4	2	298441	1658	1659	483
52:46.4	2	298621	1659	1668	484
55:46.4	1	298801	1660	1760	34
58:46.4	5	298981	1661	1665	100
01:46.4	4	299161	1662	1664	131
04:46.4	3	299341	1663	1666	227
07:46.4	4	299521	1664	1671	132
10:46.4	5	299701	1665	1682	101
13:46.4	3	299881	1666	1673	228
16:46.4	14	300061	1667	1690	38
19:46.4	2	300241	1668	1669	485
22:46.4	2	300421	1669	1670	486
25:46.4	2	300601	1670	1672	487
28:46.4	4	300781	1671	1676	133
31:46.4	2	300961	1672	1678	488
34:46.4	3	301141	1673	1675	229
37:46.4	8	301321	1674	1677	55
40:46.4	3	301501	1675	1695	230
43:46.4	4	301681	1676	1679	134
46:46.4	8	301861	1677	1699	56
49:46.4	2	302041	1678	1680	489
52:46.4	4	302221	1679	1681	135
55:46.4	2	302401	1680	1692	490
58:46.4	4	302581	1681	1686	136
01:46.4	5	302761	1682	1685	102
04:46.4	13	302941	1683	1767	41
07:46.4	16	303121	1684	1764	37
10:46.4	5	303301	1685	1687	103
13:46.4	4	303481	1686	1707	137
16:46.4	5	303661	1687	1700	104
19:46.4	15	303841	1688	1697	51
22:46.4	11	304021	1689	1708	50
25:46.4	14	304201	1690	1694	39
28:46.4	12	304381	1691	1781	45
31:46.4	2	304561	1692	1693	491
34:46.4	2	304741	1693	1704	492
37:46.4	14	304921	1694	1736	40
40:46.4	3	305101	1695	1696	231
43:46.4	3	305281	1696	1730	232
46:46.4	15	305461	1697	1705	52
49:46.4	9	305641	1698	1753	37
52:46.4	8	305821	1699	1722	57
55:46.4	5	306001	1700	1714	105
58:46.4	7	306181	1701	1710	69
01:46.4	6	306361	1702	1724	81
04:46.4	18	306541	1703	1733	36
07:46.4	2	306721	1704	1706	493
10:46.4	15	306901	1705	1765	53
13:46.4	2	307081	1706	1709	494
16:46.4	4	307261	1707	1712	138
19:46.4	11	307441	1708	1750	51
22:46.4	2	307621	1709	1711	495
25:46.4	7	307801	1710	1751	70
28:46.4	2	307981	1711	1713	496
31:46.4	4	308161	1712	1716	139
34:46.4	2	308341	1713	1717	497
37:46.4	5	308521	1714	1743	106
40:46.4	20	308701	1715	1748	33
43:46.4	4	308881	1716	1718	140
46:46.4	2	309061	1717	1719	498
49:46.4	4	309241	1718	1725	141
52:46.4	2	309421	1719	1720	499
55:46.4	2	309601	1720	1721	500
58:46.4	2	309781	1721	1723	501
01:46.4	8	309961	1722	1726	58
04:46.4	2	310141	1723	1728	502
07:46.4	6	310321	1724	1749	82
10:46.4	4	310501	1725	1746	142
13:46.4	8	310681	1726	1727	59
16:46.4	8	310861	1727	1735	60
19:46.4	2	311041	1728	1731	503
22:46.4	19	311221	1729	1794	33
25:46.4	3	311401	1730	1732	233
28:46.4	2	311581	1731	1737	504
31:46.4	3	311761	1732	1734	234
34:46.4	18	311941	1733	1809	37
37:46.4	3	312121	1734	1761	235
40:46.4	8	312301	1735	1740	61
43:46.4	14	312481	1736	1747	41
46:46.4	2	312661	1737	1738	505
49:46.4	2	312841	1738	1739	506
52:46.4	2	313021	1739	1742	507
55:46.4	8	313201	1740	1773	62
58:46.4	10	313381	1741	1763	62
01:46.4	2	313561	1742	1744	508
04:46.4	5	313741	1743	1756	107
07:46.4	2	313921	1744	1745	509
10:46.4	2	314101	1745	1754	510
13:46.4	4	314281	1746	1752	143
16:46.4	14	314461	1747	1879	42
19:46.4	20	314641	1748	1774	34
22:46.4	6	314821	1749	1759	83
25:46.4	11	315001	1750	1791	52
28:46.4	7	315181	1751	1755	71
31:46.4	4	315361	1752	1811	144
34:46.4	9	315541	1753	1844	38
37:46.4	2	315721	1754	1757	511
40:46.4	7	315901	1755	1785	72
43:46.4	5	316081	1756	1769	108
46:46.4	2	316261	1757	1766	512
49:46.4	17	316441	1758	1770	35
52:46.4	6	316621	1759	1790	84
55:46.4	1	316801	1760	1783	35
58:46.4	3	316981	1761	1762	236
01:46.4	3	317161	1762	1768	237
04:46.4	10	317341	1763	1777	63
07:46.4	16	317521	1764	1779	38
10:46.4	15	317701	1765	1780	54
13:46.4	2	317881	1766	1771	513
16:46.4	13	318061	1767	1838	42
19:46.4	3	318241	1768	1776	238
22:46.4	5	318421	1769	1814	109
25:46.4	17	318601	1770	1787	36
28:46.4	2	318781	1771	1772	514
31:46.4	2	318961	1772	1775	515
34:46.4	8	319141	1773	1778	63
37:46.4	20	319321	1774	1797	35
40:46.4	2	319501	1775	1782	516
43:46.4	3	319681	1776	1784	239
46:46.4	10	319861	1777	1815	64
49:46.4	8	320041	1778	1819	64
52:46.4	16	320221	1779	1820	39
55:46.4	15	320401	1780	1788	55
58:46.4	12	320581	1781	1805	46
01:46.4	2	320761	1782	1786	517
04:46.4	1	320941	1783	1832	36
07:46.4	3	321121	1784	1796	240
10:46.4	7	321301	1785	1789	73
13:46.4	2	321481	1786	1792	518
16:46.4	17	321661	1787	1971	37
19:46.4	15	321841	1788	1840	56
22:46.4	7	322021	1789	1800	74
25:46.4	6	322201	1790	1813	85
28:46.4	11	322381	1791	1830	53
31:46.4	2	322561	1792	1793	519
34:46.4	2	322741	1793	1795	520
37:46.4	19	322921	1794	1856	34
40:46.4	2	323101	1795	1798	521
43:46.4	3	323281	1796	1801	241
46:46.4	20	323461	1797	1828	36
49:46.4	2	323641	1798	1799	522
52:46.4	2	323821	1799	1803	523
55:46.4	7	324001	1800	1860	75
58:46.4	3	324181	1801	1802	242
01:46.4	3	324361	1802	1807	243
04:46.4	2	324541	1803	1804	524
07:46.4	2	324721	1804	1806	525
10:46.4	12	324901	1805	1837	47
13:46.4	2	325081	1806	1808	526
16:46.4	3	325261	1807	1816	244
19:46.4	2	325441	1808	1810	527
22:46.4	18	325621	1809	1869	38
25:46.4	2	325801	1810	1812	528
28:46.4	4	325981	1811	1821	145
31:46.4	2	326161	1812	1818	529
34:46.4	6	326341	1813	1835	86
37:46.4	5	326521	1814	1817	110
40:46.4	10	326701	1815	1852	65
43:46.4	3	326881	1816	1829	245
46:46.4	5	327061	1817	1831	111
49:46.4	2	327241	1818	1823	530
52:46.4	8	327421	1819	1822	65
55:46.4	16	327601	1820	1859	40
58:46.4	4	327781	1821	1827	146
01:46.4	8	327961	1822	1825	66
04:46.4	2	328141	1823	1824	531
07:46.4	2	328321	1824	1833	532
10:46.4	8	328501	1825	1826	67
13:46.4	8	328681	1826	1893	68
16:46.4	4	328861	1827	1841	147
19:46.4	20	329041	1828	1905	37
22:46.4	3	329221	1829	1842	246
25:46.4	11	329401	1830	1843	54
28:46.4	5	329581	1831	1839	112
31:46.4	1	329761	1832	1836	37
34:46.4	2	329941	1833	1834	533
37:46.4	2	330121	1834	1845	534
40:46.4	6	330301	1835	1849	87
43:46.4	1	330481	1836	1890	38
46:46.4	12	330661	1837	1904	48
49:46.4	13	330841	1838	1896	43
52:46.4	5	331021	1839	1848	113
55:46.4	15	331201	1840	1861	57
58:46.4	4	331381	1841	1853	148
01:46.4	3	331561	1842	1863	247
04:46.4	11	331741	1843	1915	55
07:46.4	9	331921	1844	1854	39
10:46.4	2	332101	1845	1846	535
13:46.4	2	332281	1846	1847	536
16:46.4	2	332461	1847	1850	537
19:46.4	5	332641	1848	1886	114
22:46.4	6	332821	1849	1857	88
25:46.4	2	333001	1850	1851	538
28:46.4	2	333181	1851	1855	539
31:46.4	10	333361	1852	1858	66
34:46.4	4	333541	1853	1875	149
37:46.4	9	333721	1854	1902	40
40:46.4	2	333901	1855	1868	540
43:46.4	19	334081	1856	1941	35
46:46.4	6	334261	1857	1862	89
49:46.4	10	334441	1858	1895	67
52:46.4	16	334621	1859	1866	41
55:46.4	7	334801	1860	1912	76
58:46.4	15	334981	1861	1897	58
01:46.4	6	335161	1862	1867	90
04:46.4	3	335341	1863	1864	248
07:46.4	3	335521	1864	1865	249
10:46.4	3	335701	1865	1877	250
13:46.4	16	335881	1866	1870	42
16:46.4	6	336061	1867	1874	91
19:46.4	2	336241	1868	1871	541
22:46.4	18	336421	1869	1932	39
25:46.4	16	336601	1870	1873	43
28:46.4	2	336781	1871	1872	542
31:46.4	2	336961	1872	1876	543
34:46.4	16	337141	1873	1922	44
37:46.4	6	337321	1874	1907	92
40:46.4	4	337501	1875	1921	150
43:46.4	2	337681	1876	1878	544
46:46.4	3	337861	1877	1887	251
49:46.4	2	338041	1878	1880	545
52:46.4	14	338221	1879	1892	43
55:46.4	2	338401	1880	1881	546
58:46.4	2	338581	1881	1882	547
01:46.4	2	338761	1882	1883	548
04:46.4	2	338941	1883	1884	549
07:46.4	2	339121	1884	1885	550
10:46.4	2	339301	1885	1889	551
13:46.4	5	339481	1886	1888	115
16:46.4	3	339661	1887	1906	252
19:46.4	5	339841	1888	1900	116
22:46.4	2	340021	1889	1891	552
25:46.4	1	340201	1890	1894	39
28:46.4	2	340381	1891	1899	553
31:46.4	14	340561	1892	1909	44
34:46.4	8	340741	1893	1927	69
37:46.4	1	340921	1894	1983	40
40:46.4	10	341101	1895	1898	68
43:46.4	13	341281	1896	1911	44
46:46.4	15	341461	1897	1923	59
49:46.4	10	341641	1898	1903	69
52:46.4	2	341821	1899	1901	554
55:46.4	5	342001	1900	1925	117
58:46.4	2	342181	1901	1910	555
